IDK:0039 Axa Belgium
110132
110137
110142
165106
110120
155120
150120
107106
128106
002002
0
0
IDK:0051 ING Insurance
115220
115225
115230
170180
110198
167198
150198
110183
140183
000000
2
2
IDK:0096 Mercator Verzekeringen
105155
105160
105165
160115
100130
155130
150130
099116
123116
000000
2
2
IDK:0497 Winterthur Europe
010147
010152
010157
060118
010135
065135
060135
010118
033118
000000
0
0
IDK:0145 Generali Belgium
010225
010230
010235
065165
010190
055190
050190
010160
010165
000000
2
2
IDK:0196 Nateus
110113
110117
110121
165075
102086
146086
141086
102073
122073
000000
1
1
IDK:0079 Fortis (AG)
105145
105150
105155
160118
105132
155132
152132
102115
127115
000000
2
2
